0.005
0.005
0.005
0.005
0.005
0.005
0.005
0.005
0.005
0.005
0.005
0.005
0.005
0.005
0.005
0.005
0.005
0.005
0.005
0.005
0.005
0.005
0.005
0.005
0.005
0.005
0.005
0.005
0.005
0.005
0.005
0.005
0.005
0.005
0.005
0.005
0.005
0.005
0.005
0.005
0.005
0.005
0.005
0.005
0.005
0.005
0.005
0.005
0.005
0.005
0.005
0.005
0.005
0.005
0.005
0.005
0.005
0.005
0.005
0.005
0.005
0.005
0.005
0.005
0.005
0.005
0.005
0.005
0.006
0.006
0.007
0.007
0.007
0.007
0.008
0.009
0.011
0.013
0.015
0.016
0.015
0.015
0.014
0.013
0.013
0.013
0.013
0.013
0.013
0.013
0.014
0.014
0.015
0.017
0.019
0.021
0.022
0.022
0.024
0.025
0.026
0.028
0.030
0.033
0.035
0.038
0.047
0.053
0.061
0.068
0.073
0.076
0.079
0.080
0.106
0.153
0.111
0.040
0.037
0.037
0.040
0.035
0.030
0.028
0.027
0.027
0.027
0.027
0.028
0.029
0.030
0.032
0.036
0.040
0.048
0.058
0.079
0.183
0.192
0.175
0.262
0.311
0.309
0.304
0.296
0.297
0.308
0.322
0.334
0.335
0.333
0.332
0.332
0.335
0.344
0.352
0.370
0.396
0.432
0.456
0.427
0.335
0.126
0.107
0.083
0.070
0.067
0.178
0.109
0.140
0.303
0.387
0.388
0.390
0.395
0.396
0.398
0.401
0.404
0.411
0.414
0.417
0.421
0.423
0.427
0.427
0.429
0.430
0.435
0.438
0.441
0.445
0.455
0.472
0.478
0.478
0.483
0.491
0.499
0.505
0.524
0.530
0.522
0.541
0.561
0.574
0.582
0.586
0.583
0.587
0.594
0.616
0.638
0.638
0.556
0.249
0.258
0.223
0.319
0.678
0.707
0.672
0.278
0.417
0.286
0.296
0.490
0.314
0.325
0.305
0.689
0.565
0.502
0.601
0.552
0.552
0.305
0.566
0.763
0.802
0.806
0.653
0.806
0.795
0.767
0.740
0.732
0.725
0.722
0.734
0.757
0.776
0.789
0.799
0.784
0.781
0.790
0.693
0.247
0.264
0.245
0.201
0.486
0.820
0.875
0.901
0.878
0.896
0.888
0.899
0.893
0.877
0.852
0.831
0.817
0.811
0.809
0.799
0.799
0.762
0.789
0.817
0.810
0.792
0.786
0.787
0.783
0.772
0.773
0.474
0.785
0.776
0.748
0.374
0.171
0.687
0.756
0.755
0.757
0.757
0.758
0.759
0.764
0.767
0.767
0.776
0.751
0.173
0.238
0.180
0.427
0.579
0.656
0.603
0.255
0.086
0.080
0.087
0.427
0.800
0.800
0.814
0.820
0.806
0.798
0.793
0.796
0.809
0.822
0.834
0.830
0.823
0.822
0.830
0.845
0.855
0.865
0.880
0.874
0.915
0.955
0.896
0.955
0.967
0.860
0.774
0.996
1.000
0.995
0.881
0.534
0.453
0.426
0.332
0.319
0.362
0.325
0.279
0.227
0.189
0.167
0.171
0.205
0.241
0.260
0.262
0.261
0.280
0.384
0.404
0.399
0.398
0.555
0.853
0.887
0.852
0.772
0.801
0.838
0.720
0.499
0.757
0.831
0.805
0.796
0.402
0.588
0.729
0.755
0.773
0.768
0.768
0.769
0.769
0.768
0.771
0.773
0.774
0.782
0.790
0.787
0.791
0.795
0.794
0.808
0.823
0.772
0.788
0.689
0.859
0.867
0.868
0.881
0.835
0.862
0.895
0.861
0.784
0.618
0.732
0.859
0.692
0.578
0.371
0.377
0.239
0.272
0.339
0.476
0.437
0.264
0.234
0.199
0.164
0.145
0.142
0.150
0.172
0.250
0.385
0.708
0.641
0.446
0.624
0.933
0.902
0.486
0.645
0.896
0.862
0.825
0.810
0.819
0.759
0.662
0.686
0.678
0.220
0.331
0.389
0.855
0.718
0.382
0.523
0.203
0.178
0.295
0.131
0.133
0.209
0.558
0.453
0.839
0.818
0.787
0.753
0.733
0.165
0.137
0.603
0.718
0.704
0.699
0.705
0.687
0.690
0.584
0.138
0.095
0.294
0.312
0.601
0.515
0.698
0.695
0.690
0.690
0.637
0.645
0.693
0.698
0.690
0.673
0.417
0.490
0.592
0.465
0.605
0.580
0.651
0.638
0.621
0.579
0.504
0.458
0.544
0.326
0.287
0.343
0.355
0.254
0.185
0.211
0.302
0.147
0.149
0.265
0.176
0.277
0.234
0.195
0.298
0.565
0.733
0.684
0.610
0.621
0.610
0.570
0.546
0.263
0.368
0.272
0.571
0.535
0.187
0.573
0.594
0.192
0.153
0.142
0.134
0.146
0.229
0.190
0.187
0.172
0.161
0.162
0.178
0.251
0.497
0.299
0.234
0.196
0.174
0.469
0.522
0.376
0.413
0.504
0.467
0.364
0.131
0.167
0.125
0.212
0.470
0.149
0.123
0.269
0.448
0.468
0.310
0.150
0.112
0.102
0.109
0.117
0.121
0.186
0.213
0.358
0.437
0.452
0.457
0.461
0.357
0.151
0.139
0.143
0.155
0.170
0.343
0.295
0.389
0.283
0.388
0.389
0.373
0.366
0.361
0.358
0.358
0.363
0.318
0.126
0.144
0.226
0.143
0.083
0.119
0.158
0.197
0.095
0.068
0.067
0.068
0.073
0.075
0.075
0.073
0.072
0.070
0.065
0.060
0.056
0.093
0.058
0.071
0.054
0.049
0.055
0.071
0.075
0.087
0.085
0.065
0.047
0.043
0.083
0.168
0.165
0.066
0.076
0.085
0.108
0.170
0.138
0.154
0.160
0.153
0.133
0.102
0.048
0.046
0.051
0.071
0.107
0.099
0.043
0.069
0.074
0.035
0.050
0.056
0.064
0.047
0.031
0.024
0.022
0.020
0.017
0.015
0.013
0.013
0.013
0.012
0.012
0.011
0.011
0.010
0.010
0.009
0.009
0.009
0.009
0.008
0.007
0.007
0.007
0.006
0.005
0.005
0.005
0.005
0.005
0.005
0.005
0.005
0.005
0.005
0.005
0.005
0.005
0.005
0.005
0.005
0.005
0.005
0.005
0.005
0.005
0.005
0.005
0.005
0.005
0.005
0.005
0.005
0.005
0.005
0.005
0.005
0.005
0.005
0.005
0.005
0.005
0.005
0.005
0.005
0.005
0.005
0.005
0.005
0.005
0.005
0.005
0.005
0.005
0.005
0.005
0.005
0.005
0.005
0.005
0.005
0.005
0.005
0.005
0.005
0.005
0.005
0.005
0.005
0.005
0.005
0.005
0.005
0.005
0.005
0.005
0.005
0.005
0.005
0.005
0.005
0.005
0.005
0.005
