7.502
7.500
7.500
7.458
7.427
7.491
7.496
7.479
7.555
7.596
7.606
7.558
7.533
7.500
7.500
7.500
7.499
7.508
7.556
7.604
7.569
7.524
7.500
7.464
7.435
7.412
7.401
7.323
7.269
7.219
7.213
7.202
7.114
7.078
7.082
7.062
7.054
7.036
6.984
6.944
6.878
6.796
6.799
6.782
6.905
6.944
6.953
7.012
7.055
7.113
7.200
7.261
7.278
7.281
7.281
7.282
7.293
7.288
7.295
7.306
7.287
7.282
7.244
7.237
7.231
7.225
7.231
7.222
7.201
7.222
7.242
7.279
7.278
7.255
7.226
7.229
7.247
7.221
7.224
7.237
7.251
7.238
7.218
7.166
7.043
6.934
6.964
6.845
6.725
6.587
6.517
6.496
6.498
6.390
6.220
6.148
6.184
6.308
6.277
6.231
6.213
6.263
6.180
6.235
6.239
6.267
6.277
6.287
6.369
6.521
6.689
6.877
7.035
7.260
7.573
7.871
8.156
8.317
8.215
8.099
7.993
7.907
7.830
7.704
7.569
7.494
7.409
7.378
7.348
7.327
7.268
7.211
7.121
7.101
7.065
7.061
7.132
7.338
7.625
8.000
8.286
8.790
9.397
10.046
10.536
10.971
11.347
11.893
12.310
12.452
12.865
13.360
13.476
13.978
14.318
14.449
14.717
15.091
15.636
15.911
15.985
15.938
15.901
15.598
15.229
14.657
14.079
13.511
13.154
12.751
12.559
12.480
13.105
13.597
14.078
14.665
15.214
15.458
15.520
15.724
15.994
15.956
16.218
16.294
16.619
16.735
16.994
17.447
17.184
17.366
18.278
17.957
18.093
18.645
19.275
19.346
19.375
18.923
18.927
19.506
20.280
20.311
20.874
20.830
20.714
20.718
21.453
22.111
22.960
23.203
22.389
22.085
21.764
21.583
22.222
22.457
22.522
22.307
21.440
20.407
20.261
20.388
20.361
19.464
18.945
18.174
17.561
17.232
17.406
17.349
17.199
17.390
17.499
17.733
18.508
18.835
18.949
18.734
19.233
20.271
21.108
21.944
22.167
22.881
23.324
23.759
24.644
24.422
24.033
24.243
24.556
24.669
24.454
24.691
25.168
25.840
25.141
25.127
25.289
24.661
23.856
22.557
21.600
21.730
21.769
22.254
22.678
23.394
23.516
22.366
21.522
21.493
21.010
20.636
20.362
20.781
20.018
19.756
19.558
20.338
21.354
21.138
21.394
21.966
22.919
23.283
23.661
23.953
24.515
24.507
23.233
23.235
22.815
22.178
21.351
20.763
20.483
20.373
20.862
21.102
22.176
22.158
22.368
22.950
23.718
24.515
24.723
24.634
22.893
21.272
20.177
20.107
20.597
21.206
21.064
20.355
19.409
18.453
17.355
17.279
18.326
19.088
20.090
21.551
22.090
22.931
23.304
23.288
23.643
23.748
24.262
25.106
25.138
24.985
25.152
25.128
25.223
25.567
25.619
26.383
25.759
25.636
26.455
27.032
27.630
27.987
28.789
28.030
27.803
27.913
28.434
28.588
27.376
26.533
26.277
24.686
24.029
23.545
22.174
21.679
21.088
19.409
17.408
16.040
15.019
14.152
13.433
13.368
13.260
13.315
13.714
14.017
14.038
14.432
15.520
16.569
17.613
18.155
18.564
19.060
19.334
19.954
20.126
20.483
21.027
22.049
22.018
21.825
21.836
22.701
22.981
23.152
24.157
24.378
24.589
24.564
24.083
24.319
24.393
24.647
24.729
24.471
24.580
24.391
25.403
25.320
25.363
26.119
26.220
26.355
26.436
26.392
27.105
27.285
26.758
26.468
26.904
27.564
27.967
28.223
27.365
26.879
26.004
25.428
24.834
23.811
23.073
22.093
21.233
21.327
21.334
20.592
19.517
18.481
17.310
16.170
14.959
13.778
13.046
12.700
12.640
13.168
13.735
13.988
14.406
15.750
16.606
16.724
17.287
17.801
18.170
19.302
20.514
21.405
21.323
21.726
21.932
21.910
21.455
21.188
21.348
21.805
21.602
21.279
21.343
20.977
20.069
19.050
18.226
17.088
16.455
16.581
16.728
17.762
18.662
19.523
20.275
20.460
20.257
19.592
19.099
19.544
20.106
20.602
21.216
21.962
22.089
21.953
20.979
20.235
19.567
19.479
19.506
19.203
19.869
20.712
21.177
21.665
21.517
22.008
22.381
22.345
22.896
22.861
22.203
21.952
21.342
21.427
20.848
21.031
21.630
22.100
22.214
22.117
22.047
21.612
21.415
21.217
20.657
19.978
18.960
18.406
17.756
17.144
17.114
16.742
16.425
16.485
16.181
15.868
15.818
15.670
15.734
16.460
17.519
18.656
19.267
19.884
20.199
20.261
20.399
19.976
19.792
19.312
19.586
19.804
19.399
19.116
18.714
18.161
17.745
17.494
17.020
16.479
16.052
15.804
15.705
15.402
15.009
14.746
14.615
14.544
14.749
14.523
14.162
13.897
13.636
13.813
14.122
14.101
14.346
14.918
15.275
15.391
15.210
14.918
14.756
14.686
14.872
14.773
14.681
14.695
15.003
15.172
15.293
15.030
14.799
14.470
14.239
13.937
13.659
13.573
13.668
14.011
14.444
15.085
15.621
16.114
16.229
16.096
15.931
15.477
15.491
15.481
15.480
15.481
15.491
15.476
15.497
15.527
15.261
15.194
15.174
15.037
15.059
14.994
15.014
14.877
14.556
14.392
14.057
13.535
13.205
12.995
12.856
12.651
12.540
12.293
12.160
12.049
11.844
11.782
11.797
11.764
11.704
11.517
11.443
11.414
11.315
11.269
11.193
11.125
11.011
10.940
10.900
10.976
10.992
11.033
11.016
10.894
10.698
10.672
10.721
10.815
10.782
10.815
10.835
10.892
11.035
11.089
11.133
11.181
11.276
11.297
11.198
11.021
10.779
10.610
10.507
10.411
10.334
10.190
10.045
9.924
9.760
9.602
9.481
9.394
9.280
9.145
8.998
8.862
8.763
8.620
8.505
8.389
8.260
8.112
8.018
7.963
7.857
7.756
7.668
7.575
7.507
7.492
7.508
7.415
7.397
7.368
7.352
7.261
7.147
7.127
7.062
7.013
6.965
7.006
7.024
6.916
6.839
6.785
6.768
6.760
6.703
6.631
6.704
6.695
6.659
6.647
6.717
6.802
6.919
6.925
6.877
6.857
6.915
6.913
6.875
6.816
6.721
6.626
6.479
6.408
6.376
6.306
6.196
6.145
6.174
6.227
6.233
6.278
6.181
6.099
6.085
6.045
6.025
5.986
5.948
5.936
5.873
5.861
5.844
5.824
5.810
5.771
5.768
5.742
5.628
5.654
5.771
5.764
5.685
5.642
5.492
5.454
5.438
5.399
5.407
5.324
5.229
5.229
5.383
5.389
5.377
5.375
5.216
5.170
5.167
5.173
5.167
